50
5

15	46
7	30
21	9
8	15
25	5

11	2
10	15
10	10
14	7
6	2
3	7
5	6
9	14
9	14
3	15
7	6
9	4
6	15
3	2
7	5
10	7
10	12
4	7
7	7
2	14
1	15
15	11
4	9
11	12
10	13
46	38
38	50
45	49
37	42
41	37
49	47
50	41
42	36
48	37
48	40
42	39
45	39
41	36
40	38
41	44
45	50
48	44
48	39
36	48
50	37
46	37
48	39
40	44
39	49
41	36

70

350
350
350
350
350

16
14
18
12
14
11
15
14
12
13
18
17
18
13
17
11
14
15
16
14
18
16
17
15
13
11
16
18
17
17
18
13
20
16
13
12
13
12
16
18
17
19
20
18
19
18
11
15
16
15

5853
5709
5366
8566
5397

1000

0

