50
5

15	32
34	13
13	49
10	10
23	49

12	2
14	14
13	6
12	13
12	14
10	11
12	4
3	8
1	14
3	12
8	14
5	6
15	6
9	15
1	9
14	5
11	15
7	5
8	10
12	15
9	8
12	13
9	3
12	15
15	8
46	44
44	47
38	40
47	38
38	47
48	44
43	41
45	39
37	50
39	46
43	40
49	40
46	46
45	46
36	46
46	44
39	45
36	50
40	40
42	50
44	41
50	41
38	41
48	45
39	38

150

300
300
300
300
300

16
12
20
16
12
11
16
12
13
19
12
16
19
20
11
13
19
15
19
14
17
13
19
16
16
16
11
17
14
13
14
17
14
20
13
15
14
19
20
19
16
18
15
13
13
11
19
17
20
19

7541
7062
5973
5985
5716

1000

0

