200
20

28.500000	82.300003	
29.799999	63.599998	
39.700001	98.199997	
97.699997	87.300003	
58.000000	92.500000	
25.900000	2.600000	
81.699997	7.400000	
54.599998	33.400002	
83.199997	33.799999	
70.699997	33.500000	
3.700000	27.500000	
55.000000	16.500000	
87.599998	20.200001	
26.700001	78.300003	
34.299999	72.900002	
25.299999	75.500000	
0.900000	4.700000	
60.200001	93.300003	
88.300003	69.199997	
7.400000	64.199997	
7.300000	25.200001	
49.099998	5.700000	
74.900002	73.800003	
23.900000	57.599998	
98.900002	48.099998	
74.300003	42.900002	
0.900000	7.800000	
49.299999	40.900002	
60.700001	96.800003	
86.300003	39.900002	
46.400002	92.900002	
0.400000	93.000000	
24.700001	28.799999	
56.099998	67.000000	
7.000000	78.400002	
60.200001	91.500000	
5.400000	20.500000	
0.500000	15.500000	
77.699997	11.600000	
87.400002	69.300003	
19.100000	67.300003	
68.199997	82.900002	
63.400002	99.099998	
87.400002	78.900002	
62.799999	59.900002	
26.900000	35.400002	
20.000000	79.199997	
36.299999	20.600000	
20.700001	32.599998	
12.300000	53.099998	
1.500000	42.099998	
37.900002	88.099998	
24.100000	1.300000	
98.699997	14.600000	
71.300003	68.500000	
45.400002	74.099998	
1.200000	60.400002	
39.700001	0.600000	
33.599998	35.500000	
47.700001	80.699997	
65.099998	72.599998	
68.900002	42.799999	
94.099998	76.599998	
54.500000	13.200000	
66.099998	99.199997	
29.100000	19.299999	
30.799999	8.600000	
37.500000	66.599998	
27.500000	68.300003	
33.299999	67.500000	
27.500000	52.099998	
38.700001	66.599998	
32.299999	68.500000	
38.299999	59.200001	
35.799999	53.900002	
35.500000	53.400002	
41.400002	63.500000	
25.799999	61.200001	
36.700001	57.000000	
41.099998	52.299999	
35.000000	62.099998	
29.900000	63.000000	
38.400002	62.900002	
41.900002	67.900002	
31.100000	56.200001	
34.799999	63.799999	
33.900002	66.900002	
42.700001	67.800003	
42.400002	62.200001	
35.299999	63.000000	
38.299999	61.299999	
37.900002	56.400002	
30.900000	65.800003	
27.600000	52.900002	
35.799999	56.900002	
40.400002	68.400002	
36.099998	61.200001	
42.099998	68.599998	
28.299999	63.700001	
25.600000	63.700001	
31.700001	68.900002	
31.600000	65.199997	
35.200001	55.299999	
36.799999	63.099998	
26.900000	69.000000	
32.900002	64.500000	
42.400002	68.800003	
29.400000	53.900002	
32.900002	62.900002	
34.799999	52.700001	
36.599998	62.099998	
40.400002	66.300003	
26.400000	62.799999	
26.500000	66.800003	
25.600000	63.200001	
29.600000	51.900002	
12.200000	26.799999	
1.800000	16.799999	
1.400000	26.100000	
10.900000	11.900000	
5.800000	23.799999	
11.600000	11.200000	
0.100000	17.600000	
5.400000	22.700001	
0.500000	26.400000	
12.400000	10.300000	
12.200000	15.600000	
0.000000	20.700001	
12.200000	23.000000	
1.800000	19.700001	
10.300000	15.200000	
0.000000	14.800000	
1.300000	22.100000	
0.000000	19.500000	
0.000000	18.000000	
5.300000	15.100000	
12.300000	19.500000	
8.500000	17.799999	
0.300000	23.400000	
3.900000	17.700001	
11.700000	13.700000	
8.400000	11.100000	
0.000000	15.800000	
10.800000	10.600000	
2.900000	12.100000	
5.400000	17.200001	
6.700000	26.000000	
1.100000	23.600000	
4.600000	19.000000	
10.600000	14.600000	
0.000000	22.799999	
9.200000	14.900000	
9.800000	14.700000	
2.300000	16.799999	
8.600000	15.800000	
5.400000	20.299999	
7.000000	10.900000	
2.800000	12.200000	
0.000000	13.100000	
9.500000	15.400000	
0.300000	17.400000	
7.900000	17.700001	
12.400000	16.900000	
7.900000	10.500000	
5.400000	22.500000	
0.000000	26.600000	
1.000000	14.000000	
0.000000	13.600000	
5.600000	27.100000	
5.800000	13.800000	
7.100000	76.599998	
0.000000	81.599998	
0.200000	68.599998	
0.000000	81.500000	
1.400000	81.599998	
8.500000	71.800003	
7.100000	80.400002	
0.000000	78.699997	
8.600000	79.400002	
8.700000	78.599998	
5.900000	83.300003	
6.700000	80.800003	
11.200000	80.000000	
0.000000	69.000000	
0.000000	69.000000	
0.000000	71.099998	
0.500000	75.500000	
2.100000	66.500000	
0.000000	72.000000	
5.700000	77.500000	
8.100000	68.400002	
0.100000	75.400002	
0.000000	68.199997	
10.100000	68.800003	
1.000000	81.300003	
9.800000	69.000000	
0.000000	69.000000	
0.000000	78.500000	
3.000000	68.800003	
4.800000	71.599998	
2.900000	80.300003	
0.000000	80.699997	
6.200000	69.000000	
3.400000	68.699997	
0.000000	70.000000	
7.500000	76.599998	
0.000000	75.900002	
7.600000	71.599998	
10.500000	70.500000	
6.100000	83.000000	
0.000000	75.900002	
8.700000	81.000000	
1.000000	68.199997	
10.400000	79.099998	
0.700000	72.400002	
0.000000	72.400002	
1.500000	77.000000	
5.700000	79.400002	
0.000000	67.000000	
4.300000	80.800003	

150

5786
5786
5786
5786
5786
5786
5786
5786
5786
5786
5786
5786
5786
5786
5786
5786
5786
5786
5786
5786

17
10
10
12
13
11
10
17
18
19
14
19
11
20
15
16
19
14
18
11
10
14
19
11
14
19
12
14
19
11
20
10
10
10
20
15
18
11
20
19
12
12
10
17
16
12
13
13
16
19
16
18
14
12
20
17
14
18
12
18
14
15
10
13
18
10
10
17
12
11
12
17
16
10
13
16
20
19
13
16
18
19
14
12
13
16
14
13
12
20
17
14
12
17
12
19
15
14
12
19
14
14
20
16
19
14
12
12
13
16
20
10
10
12
12
10
15
12
18
15
11
12
12
17
18
20
14
12
13
10
12
15
12
19
19
16
12
14
18
10
18
18
19
17
10
12
13
18
18
11
16
10
15
13
13
16
10
16
10
10
15
19
20
16
14
19
18
18
10
16
14
10
16
16
20
14
16
10
12
11
17
17
10
20
14
11
10
13
12
10
18
12
10
10
10
14
14
20
11
10

100
100
100
100
100
100
100
100
100
100
100
100
100
100
100
100
100
100
100
100

10.000000

1

